-39.644127520301446
-41.62306661281997
-37.763967739214564
-39.44004006735949
-39.34159778807868
-37.60044627720778
-33.021114837034325
-31.9074858419788
-31.447171559677354
-33.198943468283936
-33.804353271816915
-33.40299082660648
-31.45376953835877
-33.95278976321375
-31.6778590512903
-33.754046674797294
-29.891097169700124
-27.65635014507629
-25.51386891376309
-27.319116693943847
-30.49383523531495
-32.342735853082345
-30.586701109628837
-32.289964327531436
-31.52050134136748
-31.362096498589136
-30.893609972663622
-30.390825302794532
-31.724743590313615
-30.363334047771655
-29.21558997126442
-33.14152597309421
-30.292568642338416
-30.131557712412828
-30.142693947704853
-27.365699543144668
-27.13649294989148
-24.05251796509788
-22.56281235425919
-25.178125197069903
-28.759524413221385
-24.722861459365035
-26.349939711188863
-26.105832802296867
-24.19718228653241
-24.711574257805278
-25.28944973730805
-24.297782755887237
-24.49388170852967
-23.879446396152588
-27.42153643638886
-25.09315539312529
-24.30389341018581
-24.872195956214956
-25.908340843306732
-25.208405435279197
-22.125796297905666
-24.03908952053494
-28.44813352937085
-27.280260211481867
-25.577489378234077
-26.531768842189468
-28.284283265859905
-26.99820135187986
-27.922383791389755
-28.28376610931657
-30.44287022352941
-28.595358011575577
-26.482982761042948
-26.524069423289077
-24.699932203637466
-26.187118505403543
-24.058942471371207
-24.754984552203677
-23.23610251496418
-26.106802982267737
-28.7209982123343
-31.3131252151518
-30.44760810778872
-29.99399732748907
-32.53883563129776
-33.51748158094117
-36.22727718806148
-36.79231356232974
-37.45972663114533
-38.18168483943478
-35.44956535911956
-37.793754089352085
-39.26565748623029
-37.689403595554595
-35.7135834175
-36.200936037246045
-37.120984918953155
-35.178496021443436
-37.09121226279979
-37.110294216179966
-35.773696522588665
-35.49036641018922
-35.3774885620374
-37.74475059906419
-34.03551328630919
-31.88125359494604
-31.676665699890794
-31.88416276672453
-32.214959753010106
-34.74252534527221
-39.0750272476989
-39.01157336457037
-40.227500293228665
-39.96812504117217
-38.35434439956754
-36.106941648215944
-36.23736516775885
-33.82564791817321
-36.0937619024466
-36.16043587290478
-39.721779792546165
-40.15440779723363
-43.12642194308351
-41.71666537666453
-38.82738396413901
-40.436567704255104
-44.186985180195435
-41.253179395992085
-43.34511942946669
-42.2867190970877
-40.95136195098737
-39.0218340369838
-41.08884574043727
-44.24345207699825
-44.24742946261773
-41.59319904577749
-42.27851394568541
-43.67723039220557
-42.444179810331086
-44.99268323801632
-47.03857470878992
-47.81373112314697
-50.78585667183892
-50.077655814313374
-48.80975873780235
-52.586626134384005
-51.04264271933455
-47.97317002840411
-50.118879057054336
-51.34736871912839
-52.52157152264458
-53.840225178736276
-54.78492616963577
-56.762684538576366
-53.08206474595559
-53.86368923901452
-53.96409788224131
-53.69269245205373
-54.01857959094715
-53.129509094285616
-53.224543677306
-51.644700381723275
-50.99806729528866
-49.91294558756883
-53.46280325812282
-53.18599238718157
-53.42600742611836
-51.56957798180819
-51.295880447450536
-53.26324981119605
-51.046475866547915
-50.45645449240136
-51.586010909944015
-50.190229469593426
-52.185607011567434
-54.46363142895558
-56.477157014963815
-56.43977735494468
-58.53770400926403
-56.062234856726874
-53.98250656818788
-51.72415723192752
-50.259296603743714
-49.29101558565827
-50.13727512498491
-51.66170987870909
-51.45458568287286
-51.55374396844692
-52.287371597815344
-51.98822202025885
-53.81071759388406
-48.1109227117206
-46.774233826959914
-49.1857948997765
-45.62634807408078
-47.819106777823464
-47.546637993371185
-47.59943599812604
-46.64313661786462
-46.734764716145975
-48.21784789463622
-47.3916411030531
-47.30934469801531
