-237.40857782352057
-239.01394311028633
-237.62818295523107
-236.56976582564087
-238.4874446919821
-236.1204833654852
-240.7227538651892
-240.80229535377674
-245.52338686912336
-248.17300196718455
-250.73004620573556
-246.0805067989685
-246.48640993763036
-247.6609603954915
-248.44082359263885
-248.97785823985257
-249.57640601814262
-249.19638819116474
-245.78637483866115
-246.1181745092669
-245.92411967588447
-246.04158022228344
-246.55054619893394
-246.93001196264285
-244.93821392769155
-245.88612596937674
-246.03396927430313
-248.40845013417115
-250.64885314209633
-248.03394590274857
-249.06905904166243
-246.44968120305563
-245.44822535147236
-249.251525386332
-249.05131789702304
-251.1665503133189
-253.27265058995698
-255.1209446020439
-253.20267465015075
-253.7067357478655
-253.95995570419223
-254.26581884561708
-254.21902471678916
-256.5917512696422
-258.40534573336583
-259.3741564307183
-259.6240488099271
-255.73346959710244
-260.104134798841
-261.32088845946737
-261.5728804778056
-261.96389019099905
-260.5724557422651
-257.8943197055953
-257.0542786608971
-262.3125503402965
-262.169021316328
-260.4450733857573
-258.41491683700514
-258.7889615276271
-258.56830496170255
-256.6570211126715
-257.49465985582134
-255.29387984859136
-257.5973058398488
-256.8151639851441
-254.8913251581671
-255.16563653736378
-260.3140419586028
-260.5930986724068
-260.01210753281276
-262.5362949356382
-261.63211334659593
-264.03865225964137
-266.6443658725336
-268.49891739501726
-266.9182259603703
-267.2204005145315
-266.0070760737915
-266.07433011984506
-264.85800363374756
-261.25957052740455
-261.3395627757898
-262.5354403714046
-262.03805952955986
-260.7758403288811
-256.8657568318474
-256.54028128442104
-255.29005426731155
-255.3841566082643
-253.84269395740637
-253.0928883810125
-252.56324804194708
-253.9861754586186
-253.39416470256003
-255.1096708826403
-258.8804153524262
-258.03378287211575
-256.414684559286
-255.96216293786986
-256.55840547556096
-255.21238733296744
-256.00178974854606
-255.55239996660544
-254.20087159344894
-256.75976772152126
-252.74607882811176
-251.5250338126313
-247.0420321118127
-244.54973859070418
-242.6310320329304
-241.8562266420452
-242.01912756744525
-245.2236845294714
-245.06642152342454
-244.67552983665314
-245.0515371583175
-245.64767901497223
-245.39750625122247
-245.31673127037556
-244.29448584639778
-242.76327421253708
-243.30674286299697
-241.55496578716028
-243.02685314143287
-242.32024186808005
-241.92988418797486
-241.50442944663428
-241.23163849981688
-240.8079567619709
-242.50692940544204
-245.91848015135437
-247.34585299838653
-245.89142308292213
-247.92378934424852
-247.68049719774368
-248.21570786522705
-246.44013065297003
-250.0054677051852
-247.5112825098773
-248.7050945272817
-250.52367332671756
-248.44676813604707
-245.58967079386213
-244.29305982433277
-243.94704225357748
-243.440352990988
-245.97705921388183
-240.93416038026797
-239.10503007005354
-241.55279410012568
-240.78197144151298
-243.6066008901992
-245.55921569430092
-246.01891322858128
-242.78986867572507
-244.62336985644262
-244.09203821001313
-243.5995286482439
-243.54233470425322
-246.20609641966075
-246.11083431228522
-245.4811662401921
-247.06220002435435
-244.3314871034363
-244.39303064525947
-240.74126171032682
-240.42513820999068
-235.37739994556202
-237.42915321624412
-236.37066534844772
-234.0048993467785
-231.28471365849688
-229.16197929193476
-228.84537746911153
-227.23800888717398
-226.2006494572455
-227.47032171440566
-229.2575360211315
-230.14146237575184
-229.66192035634373
-230.77427337106266
-231.30646089502406
-231.025604070507
-231.7959540133474
-232.41918316976913
-234.24344076829425
-233.47550766397728
-233.6048595206703
-233.82274415452216
-233.4621764364978
-234.68393330347146
-234.75135560597496
-234.67284194687736
-236.49268584098576
-235.4735437435257
-233.4614909827327
-234.38759426399142
-234.2100296528531
