-67.03045048496335
-90.06142319284504
-135.26561093689077
-113.53461013980629
-104.7180323152642
-121.22141776585617
-109.06635479443705
-116.08242555669658
-116.47157828174699
-113.64198457148738
-105.25049996687257
-104.76839251575944
-102.34968317551184
-110.89947803563648
-93.68153610980808
-97.79290625317469
-96.30873245806575
-108.65226840710373
-114.49683106755806
-110.63122864651277
-108.98342554290156
-107.58608598897625
-112.55457511059896
-112.07093121435788
-111.65609042734366
-100.16465520305044
-90.00159567383314
-90.73805727326751
-87.89794170024197
-93.82447427343371
-83.88735911343502
-85.40615191831782
-84.14373029038394
-93.79783729998007
-94.13394178964136
-99.49174023110963
-103.55312768889407
-108.80682154993139
-106.84840977586882
-106.68167185289028
-111.2557888471709
-109.28812385847621
-108.60572200227173
-108.9781290535282
-107.798814802615
-100.33789216432025
-100.36685037115441
-102.54103071299733
-103.56576553636567
-103.50817070955111
-103.17175077058539
-107.12723276146556
-107.51570144550166
-109.20759062352798
-107.32914127420997
-108.90095951533529
-109.54066973983713
-108.5371316480108
-107.43750136506056
-102.5693957961952
-102.7108431253379
-97.2326048305008
-92.78411033732023
-96.50970711415526
-93.02969293469435
-95.45790909090961
-90.96744176057595
-90.91242703098642
-94.29708050191257
-91.0101226782084
-90.92386024879258
-92.80436003371253
-92.77622772929382
-92.8798368541253
-92.20081980887223
-93.7836938423207
-94.32481311799211
-94.47943730122138
-94.49051588434168
-91.03864663999862
-93.1978120234747
-89.4690577920684
-89.3080443881227
-89.37371318213569
-86.71074425675364
-88.12349195685411
-90.78934260919291
-88.70817620868674
-90.9061673706046
-90.02866834200213
-86.74290239840785
-83.23905513412241
-84.59077410912641
-83.91726871989614
-84.13933364622262
-85.5948939746033
-86.1360082806019
-87.33683678548442
-85.04465729183387
-84.84383153220702
