-136.2686196469329
-119.91440656815094
-98.01756424732177
-158.00962450832694
-141.8197200845763
-173.3422255801678
-185.8980131815994
-163.5132836527693
-128.25622336617505
-139.5730377364275
-108.99943518657479
-106.70297029165147
-83.65667173435988
-81.52148763566122
-84.65208897931362
-85.089523206987
-79.68719956387616
-78.07651486666413
-78.17362678603804
-76.82717296948438
-64.05897581580295
-73.09603885000882
-71.31154419108232
-72.50421127840906
-72.24558873727511
-73.75658091059093
-75.92068924405322
-74.47962190138283
-80.29228616757096
-79.03073865315156
-71.85787539296837
-74.2327411353069
-78.7878805776771
-80.15903800328522
-82.62955079765088
-83.34936581121661
-84.9167769499683
-84.3538845515307
-84.02346264377316
-77.2129834630191
-79.53865899312342
-79.11833707210128
-79.20372717321517
-79.2971551960619
-73.92858366414053
-76.62951976096923
-76.21645584691689
-80.69976927164277
-74.74160147237636
-75.50429694630347
-75.73950450685587
-75.01971936496933
-77.58607920184295
-78.02102327149315
-81.06311194278399
-81.19519077195666
-80.7066387575533
-83.559272026867
-82.73657221694292
-82.74541253186902
-82.46988527685642
-78.06756326189725
-73.86501442903824
-76.819755037984
-72.2734001678552
-75.13847873141135
-78.35810022740674
-78.12771095950187
-78.5981131580403
-78.09370450815832
-77.08086259672837
-73.25350920435955
-74.77661036889783
-74.83225579626739
-74.24330839964021
-74.20493238644981
-71.35721731185632
-67.55753903356727
-68.3526125004947
-68.11215292601216
-67.70733624797711
-68.40912984107294
-65.37164473918752
-65.22127425215733
-67.76630053324598
-67.28154579725017
-67.08874101371751
-67.4679750837508
-67.92940833234084
-68.77906704304773
-68.90977108181255
-69.1658816569496
-68.9706348874762
-66.4128808430114
-66.06840386415632
-66.23728941999406
-66.95241459627316
-67.82594661810765
-67.49364266519153
-68.91430215946718
