-218.44577789172342
-219.02015686710405
-218.97754443616387
-219.24398664408977
-221.64884312009755
-220.04288477823388
-220.116308525704
-221.45502906400984
-219.54038362412962
-219.2092181430873
-220.82309050860533
-221.61777946736726
-224.05522367312392
-226.23912107610636
-224.7827290200238
-222.60668973290763
-222.77931218988473
-221.13430357304537
-218.96442852748496
-218.2387602152012
-216.11221339132936
-213.75630715175635
-215.34651340530604
-214.96672357804945
-215.58498026831373
-216.30838709280647
-216.93815824683077
-217.8643453006836
-217.82262046256307
-217.73798716905563
-216.86746874236852
-214.36308612418514
-214.34489378863154
-213.51481875625933
-211.97504145166903
-211.86172972204406
-211.75416169174784
-213.07377160684868
-213.97168476418076
-213.79196847818469
-211.49979601023153
-210.04837263676237
-207.60163750760105
-205.9360816853489
-206.83547085667976
-206.83564131504784
-205.81595599160335
-205.41167052704816
-206.37016617146548
-206.32578618480545
-205.37407745231872
-208.79545807902895
-207.1009372764593
-206.58459934997774
-207.08985532777206
-206.44028452473438
-203.98831581635176
-205.04137417373477
-202.7833674486824
-204.65151516882062
-202.80638005854055
-201.12615910815464
-202.50632003669259
-204.16014901385483
-205.3207045872623
-204.16240114185246
-203.20143026608415
-203.69808034419805
-204.56401428050611
-208.82453005475966
-207.611731510886
-207.70553935654598
-207.76148066222882
-208.1609864019141
-206.6485087684536
-209.68935831176134
-211.32531465750853
-213.70670915148884
-214.09635102045777
-213.35133068673522
-214.71735589888587
-215.32858783149655
-217.16577635838206
-217.57631484360337
-218.1710251105798
-217.8296799596757
-218.28938163466847
-216.69213509534399
-215.18303274966945
-214.81881281864182
-213.47658819406482
-212.50664239796697
-213.82548477188215
-211.01696389238222
-212.59653197588224
-212.57162568248023
-209.3743442084738
-212.2349469099845
-208.94538966845266
-210.18836438495518
-210.5707904891893
-211.6795041056526
-213.56237941074494
-213.10444793884886
-210.52882146857587
-210.61891508531423
-211.08711987154845
-210.0191925555214
-209.48599051448772
-209.76058994736508
-207.74895254357983
-207.34787605931575
-205.14407701868979
-205.81970730932846
-206.64825801135783
-206.5999560053743
-206.11481110669968
-207.98845514172845
-209.805803017948
-208.9372037373855
-211.5876237682562
-212.13956259419277
-210.3745367781961
-208.7639197403178
-208.02963251872993
-209.18416834355642
-209.48198196268106
-210.80560031598426
-211.39157336030806
-213.36988214248981
-214.07920613381
-215.5626301769518
-215.30546683880186
-215.81888211867474
-216.9547029079955
-217.4095427407758
-216.92347184484854
-214.2113926143572
-213.97957512306263
-214.40744437527584
-219.21214476250807
-220.52395402763034
-221.2368580669732
-221.41875404734054
-219.86369749256963
-221.61422077455916
-222.00738937679955
-222.92287048215175
-220.73076042184664
-220.67153511507044
-220.90026197550065
-218.1917697053531
-221.4803776165689
-218.419198917409
-217.30294894853083
-218.86827514037222
-218.89163249927006
-216.9096862273111
-217.2563612995125
-214.94542727039803
-215.1896814308236
-216.64620568308266
-216.42367156494308
-215.22974754960367
-215.300666364962
-217.542456195467
-218.30453297227442
-217.82070942053252
-217.65197760162576
-216.05914698022858
-217.47452552823626
-220.36191454952285
-221.6288261774858
-220.21205447710236
-219.96295242224136
-217.8979304212175
-218.7463941720637
-217.94858278811674
-217.63010494855197
-220.07652899048009
-219.6867789322109
-218.3255310859497
-218.42399437933076
-217.61150587486915
-217.64308315897398
-219.2448789843642
-218.5774920218446
-219.21199165640212
-220.24140064321017
-222.1086317474199
-221.36024744819443
-219.20261435358796
-219.67192068289813
-221.6288117419526
-219.13787916572682
-218.9054426687809
-219.77137093330367
-216.92016162288303
-218.59475406559392
-219.16850923391084
-222.2356162712524
-221.63591390696212
-222.60033436727835
-224.3896988912284
-224.09772964388378
-226.71721285594984
-227.69092366862856
-231.22716772534096
-233.79635707634162
-234.22906572960085
-233.6676994961232
-233.66834076269038
-232.9283445294516
-231.75555954268134
-232.6429269312222
-232.08337686367435
-231.34058252522965
-228.4370663335607
-226.55529268624315
-227.61273206532817
-226.69322132454272
-228.37700010033717
-227.67674400150466
-227.8395089544757
-226.82533782753438
-226.69151475402893
-227.59578810607331
-227.28328055622435
-225.36229352129988
-223.85759394388126
-225.11289402508282
-224.6469348752806
-226.47041316555743
-225.8481785516184
-225.46657995803943
-226.06968230492043
-226.3876527851088
-227.06866112829266
-228.38494530642566
-227.30435899226796
-224.85141990859248
-223.4853058700353
-223.02342394142525
-223.69233660474933
-222.9145320399782
-221.04999014592212
-220.7528298125133
-220.55252510269847
-223.37011677347064
-223.84563174806226
-224.58692735498047
-225.670894953654
-223.86589449986022
-223.60860042006846
-225.5189148040829
-224.55841048372778
-225.49528674750553
-225.41544249069517
-224.68091806678345
-225.035857980885
-226.5388931393263
-226.210598743278
-223.92200527077904
-222.98262135428115
-224.26499080978726
-224.032207567429
-224.77932729565708
-224.59014227601267
-224.7903658731426
-223.94841179329313
-223.32116328298252
-220.20888443830702
-218.0689442237668
-218.3424480354138
-220.9563956407796
-219.9428324973136
-217.20004877457478
-218.12746717502185
-217.80343788257568
-217.233265598873
-219.11456866912317
-220.74809897240928
-220.70055617165036
-220.76590828236485
-220.66915527686103
-221.55640588167577
-220.5193083400457
-220.67724739442437
-218.60443681464983
-216.67334460741975
-215.87005194359662
-216.0389135500642
-215.0689247607093
-213.82782560494513
-213.3558153876377
-213.00473530786158
-211.7371420876672
-213.03633408218877
-214.7679031252562
-213.61861730880057
-210.9454697931204
-211.42090391402485
-210.48011370810778
-211.37025846583455
-210.9779621806252
-208.70666686477037
-206.53708298944315
-205.75980410959596
-203.65503774570655
-203.7424502206589
-203.0310841277259
-202.75082292000687
-202.63644534107507
-201.3562947338483
-201.00648304489732
-200.61929353404994
-200.12235616393403
-201.03594895762762
-201.27647979937467
-205.48208681991792
-204.57945876712793
-202.3392479666168
-202.38730806334618
-203.34811603789515
-203.64283479040358
-202.49640304265557
-200.76868525356738
-197.66035592703457
-197.78402890832254
-198.5459372599706
-195.59639068440043
-198.48467065293286
-197.5894693931224
-199.4487234443893
-197.1158783369184
-197.9325422315026
-200.2713359627451
-198.8662073976168
-196.80290209671824
-196.92180824632044
-194.68476728202234
-196.52871898970642
-199.07740618418865
-199.15921960853703
-199.92578694186943
-200.90660444482478
-200.4264066343767
-200.719177298147
-198.16482679507533
-198.34578294726975
-197.6763027821395
-197.77603558200465
-196.81830907096594
-198.61117110989267
-199.3848491237467
-200.18842946830284
-199.42339066423028
-199.57346769549062
-201.20420159746283
-201.29802161434472
-202.08103694015514
-201.91170429557056
-202.2092046093616
-203.17520653764512
-202.49552866210865
-203.51139197225282
-203.30827550053732
-202.78015063721767
-203.53017696652282
-203.2986309603986
-202.5485781490236
-202.57435124007085
-203.76332244797592
-207.0163456025561
-205.13566473290498
-205.53893181345273
-205.67856751989828
-203.39681404218706
-203.76910694686782
-206.46573766603632
-203.84146791356295
-202.77959085073726
-200.92201248604397
-201.16986927417418
-199.23736666698008
-196.75270562905095
-197.43682610530632
-196.28936904383437
-197.75446884278426
-197.47064814592667
-198.7920257294492
-199.22345188631397
-197.7206932789725
-197.0734586927673
-199.4968517411135
-200.6121716101117
-200.0146049545677
-198.79448926383313
-198.78995418857133
-198.38690905796201
-197.50947795016663
-195.7322400388739
-196.37372312932746
-194.19124674674967
-194.68551927003654
-196.0578842906688
-196.32572211954488
-194.25062593871658
-194.22526460998267
-195.95855853953228
-196.43501867786014
-196.27097500257275
-195.98002808568552
-196.01142371959781
-195.97501714917095
-196.6667154178216
-196.38348607159597
-197.47102136605793
-198.61469578303686
-194.41078127206399
-194.19516633311522
-194.77982912946766
-194.72631857466186
-194.4113005985941
-197.5862596443719
-198.72304438235372
-200.85049616932463
-202.7279176130707
-203.00145657702183
-203.2191518925399
-206.3671608443806
-205.08601669847013
-203.91879094696444
-204.41796147138905
-205.05804469301077
-205.22690037431386
-202.22004201410812
-203.81644014418774
-206.83512373184175
-205.6595046840106
-206.8355075654991
-206.4649318597308
-203.7698875487775
-203.03886983233124
-201.69072388669017
-200.00295577379248
-201.23233042618747
-202.19486791377042
-202.69969215248716
-201.05030163297627
-201.12612343474032
-199.92021059027948
-199.97733686459387
-199.1330518378572
-196.80445643184754
-195.49611641382342
-196.14910954001473
-195.85791402236157
-194.77313284886043
-195.7587469460633
-195.543460903111
-198.02284498317945
-198.5841418649417
-199.20241400577265
-196.33723915940612
-193.61632983318304
-193.6579415057195
-193.54859177299363
-194.05189599813207
-193.44061772124408
-192.570628624602
-191.75380269568862
-194.52275079828138
-192.20171148321725
-193.17908769325996
-192.97481523526577
-195.73185932061432
-194.57379816607457
-194.72006829953807
-191.2234729648243
-192.90181059919806
-193.30468850898782
-193.02142457682686
-193.20754958464786
-193.39755407151458
-195.7940355948415
-194.56054238438048
-194.68456109432248
-196.30536591309323
-196.42564441754425
-197.0520719358158
-196.9251995200828
-197.23360452580792
-200.52037091392924
-198.36988191433323
-198.3749030185322
-197.78888304208033
-199.6628165295397
-199.68980166177073
-199.75237377872315
-199.89747981975077
-202.62979316807375
-199.52778587365967
-202.09228814398324
-203.5014454334919
-203.593352365079
-203.33220152546815
-204.45091840261838
-204.45305452891174
-202.87190210292647
-202.5523674121772
-204.30714149987355
-205.01245088845852
-204.8821534031363
-204.27852218848028
-203.6617365837061
-204.8821300182907
-203.83329883543257
-202.30759316985745
-202.40731544039795
-202.53228023357943
-200.7325115905068
-200.4810439259354
-201.26993579009502
-198.00964278637227
-196.9037268383929
-196.05077774610746
-195.2324032579364
-196.86046395510115
-196.62157881861197
-195.27271255067052
-193.85017985455454
-193.79965714226563
-191.776524736283
-191.43544972015454
-188.83569624608094
-189.25972575678367
-188.3285495010737
-185.15111284674833
-186.22694987582244
-185.8723285182283
-185.13936152887288
-185.3195964988949
-187.13493747031458
-186.62792712325665
-188.04311488926257
-186.9744571689129
-185.20959114847273
-184.80859221790087
-185.80576070586162
-186.19040725900376
-187.0468765861119
-186.80559654154843
-186.5502510688092
-185.7202670647378
-186.38230552161275
-184.7354679443476
-185.2055286535948
-184.7227726053961
-186.62128327781437
-185.91908299320335
-182.41479344449053
-181.12427756870355
-180.6980380945345
-182.0333149098608
-184.5726181221518
-183.02006448765292
-183.69049352762843
-183.906459280052
-186.47589457499683
-186.40433403023727
-188.2318628380422
-186.1427121260645
-186.2727347646141
-185.82783448596575
-185.5941693126566
-182.45286531821944
-182.42114914926387
-182.4143340988322
-182.21317061836584
-182.37218599514927
-182.99026464858508
-183.36021494093802
-183.34690900163503
-185.31404857979902
-184.8418619787826
-184.69869096413697
-186.0933909517077
-184.08760016208197
-183.80817906040954
-182.04917303352428
-183.25650886193506
-183.8858412396217
-181.021664838598
-180.50501817484573
-179.75271863911618
-181.62697887421177
-179.80438586198864
-178.36786494064512
-177.63962276158014
-177.14697284596892
-174.93665652705084
-175.52544047746886
-173.01290907959344
-171.57981849689386
-171.111053581321
-171.17954242523382
-168.936719253277
-169.7586079085486
-169.59293520091677
-171.17343372684002
-171.57556162139917
-171.02152182415125
-173.00487507178386
-173.54545226234725
-174.7540692111805
-174.27563280925912
-174.7362755786323
-175.4683271841287
-174.98019050726364
-174.49166411164526
-174.8113535185726
-175.4810217563615
-174.10430987076754
-173.84733579282494
-176.63539967048405
-177.84127332656755
-179.444372131516
-178.52882723348384
-177.94352093784116
-175.79266632437373
-177.0760903945627
-176.23146391595196
-177.8103276941985
-178.7766789923877
-179.42841427475804
-181.44857853012184
-181.6392071883144
-181.89291697754885
-182.67206510329288
-183.0422447342322
-182.6687761477376
-182.20975425758553
-184.39317997951366
-187.4766662471846
-188.50897037321346
-189.14126730405408
-189.87403596891065
-190.72371967087057
-190.82984879589003
-190.46259780354293
-189.66732638909917
-190.43411328452945
-190.32341038092855
-190.53383187472605
-190.63084132004167
-193.30898986723798
-192.7887993928242
-192.686591187526
-190.13019437691415
-187.9920736066496
-187.81578225532638
-188.29462325715642
-188.36063072060898
-189.45139311236693
-189.49846303652166
-191.1952595660845
-191.15716268063326
-191.02566352119214
-189.1721119877628
-189.60325918528142
-190.0726350096864
-190.9128435446997
-191.1958311645403
-190.15579678756612
-193.15251107285607
-193.96116230712894
-195.8646839011705
-197.80944186676774
-197.8809329953938
-195.49456140961388
-195.8853026378385
-194.45191838485516
-193.7670476775678
-192.7241863421708
-192.08155590911144
-192.11832917529398
-190.3165704383919
-189.03536024391462
-189.9862258273127
-190.27675754996434
-189.08319944031686
-187.7215730802944
-189.42522417299915
-191.19483398735375
-193.82647328043447
-194.25330991974454
-194.81781065687002
-196.3556825371722
-198.85950686004492
-200.0875449912962
-201.0958904999394
-201.9102184003494
-201.8061987217633
-199.81482612864548
-201.04773867327066
-204.06699356524115
-205.06625501282335
-204.40459020351526
-202.5878680397966
-201.13696311064382
-199.14609036029225
-200.6306173774201
-197.897825105033
-196.85017041519097
-195.33593127538316
-194.17159838159463
-192.92673267920273
-192.49369913680155
-195.0405256244504
-195.76114896563158
-195.78481857438572
-194.84128576880846
-194.68558267454037
-196.313641648748
-192.89927870016126
-190.20418190871302
-189.46848033181308
-187.826365057042
-187.13545308635582
-188.96675188089947
-187.5537788171945
-188.35840533237374
-188.59394191449658
-188.0230417892299
-188.1519305309005
-185.9851136800578
-185.69241089209794
-188.82057490727846
-186.72261330163386
-188.10373590107648
-187.49207266039667
-188.52129517359649
-185.96186294579252
-184.00068873956093
-182.32992167678566
-182.61195617611054
-182.00199326432147
-180.78538500953331
-182.3324168073919
-183.6843878705992
-183.13503359627947
-183.5145839319753
-184.71642267745602
-184.61672775489546
-185.92172838996757
-183.54326379717307
-186.09728053461328
-187.1796578486731
-187.02996184007444
-187.25268300270207
-189.66209508939042
-189.8596539502349
-189.6429913845636
-190.81898275468268
-187.20801839720033
-186.96902166623974
-190.8303625733519
-190.6356087900726
-192.2400995607734
-192.13604403772527
-191.27510083792384
-190.98807464660925
-193.1090616358714
-192.75531729533796
-189.4390760215348
-189.6192495613671
-189.10501425924997
-188.15338193901994
-188.19270518525343
-188.246746125588
-185.5414374108675
-187.0447559663071
-189.6424970136186
-188.085614603328
-187.46529542639482
-187.0361452322109
-187.4576366890189
-187.66322222263386
-187.35390176372158
-188.74593484197302
-189.74718002547215
-190.38272024664744
-188.2530923825581
-186.72259914248022
-185.51135245444345
-186.0798149732479
-185.10562607206646
-183.1030748395208
-180.40198222628078
-181.5778650483441
-183.0487113446843
-182.07859428050128
-180.96617223570306
-179.88802760970495
-177.53309743540743
-174.40524706115556
-175.28643125682083
-174.68391758151188
-176.5201642048701
-177.40847543588345
-178.2403537659476
-177.38403159156042
-179.44196112700695
-181.37686807699862
-180.86041343804612
-183.23571104222964
-184.2172401715902
-184.4548579884121
-182.2425525189143
-181.8893670460331
-183.66496761140817
-187.10407194417496
-187.69564559878222
-186.68659760112922
-186.64792292096382
-188.31880714722658
-186.68419880112583
-188.50178378821028
-188.57863100244197
-189.1250839713875
-190.53841873176654
-190.7202895107252
-190.31345562233625
-190.5469412108484
-191.12620692379886
-192.73854443915704
-192.653051163237
-190.56845818832463
-190.16702311334055
-187.78324041523967
-188.03073086254756
-186.5558586046049
-187.762469905239
-187.39472181251213
-186.96919630189262
-189.7285059668423
-190.20487336178482
-192.5610026449334
-189.64916304049464
-188.24295982214574
-190.1494811933188
-189.12931850622758
-187.5885150543978
-188.3226507258591
-188.82344677203972
-190.63360327891795
-188.53413824278098
-190.7181430972608
-190.94333478453163
-193.51855898304746
-192.33855912941243
-191.34364641579887
-191.50759557027234
-189.74549330991033
-192.1178928522972
-192.43510144385127
-188.44128533963857
-187.55282004897254
-185.6046394746811
-185.638557560945
-184.59553464858746
-184.1404212323203
-181.85094106991505
-183.63697233319556
-184.34376013674563
-185.63741394491407
-185.94506712664054
-183.72781467177208
-183.62509914286198
-183.78604344689626
-184.36589472269836
-184.62577280596804
-181.84635427781598
-184.84593006195666
-184.612398360414
-184.98544395355802
-184.90865680464594
-185.45385235267202
-187.86346036400818
-187.29389199319925
-185.913552296474
-186.01735896910373
-186.32938438997232
-186.94542508182778
-185.97128742306592
-184.89920136360874
-186.80910810536207
-187.1462319229021
-187.8262513239093
