-206.00896872099946
-205.47627880474266
-206.04904567105353
-208.5322120923885
-208.03954137986437
-205.51079008159445
-205.7632625571001
-206.8668705785601
-207.83265420738894
-207.99463004679313
-205.84346098408784
-206.51538193092827
-206.38660794275674
-204.57914137159193
-204.51816181608382
-203.56721647710597
-204.0278587175408
-204.62181195330894
-204.04980739187442
-205.0889739677748
-203.31121424528
-202.88098730632257
-203.42881275596085
-202.52066463977283
-202.03722460274747
-201.74422058628872
-201.57430193081845
-201.7507701504212
-201.18404024103512
-202.85380845006614
-200.07403073618397
-198.97380551071765
-198.05292225939036
-197.99931773168606
-199.13438094793347
-200.5569442472471
-197.06164498032732
-200.1863342546872
-197.38997593240055
-196.98823475577103
-196.4903294370494
-195.8518540327731
-195.50456804240756
-195.90687386902383
-193.97210603994515
-195.9931762344504
-194.10793501720863
-194.6764126728011
-194.16675331176594
-193.47649527888964
-193.26034806348898
-193.16799665465933
-193.20646990512967
-192.51115698637085
-193.0378674043764
-191.70845774840396
-190.162448154259
-192.13681786526456
-190.85162223901153
-189.21800458462556
-187.7678207307547
-186.88672293581146
-186.38184857743215
-187.5381392334771
-186.36607098065303
-187.3285481877013
-187.69280490100454
-187.1907315966908
-184.0401422857632
-183.90385845506967
-183.19285188642596
-184.25261015744297
-183.21612113636857
-182.3854510692664
-182.01581365195594
-182.2753337879433
-182.82632284418997
-183.3134986517013
-183.97040751788344
-185.07113949416845
-184.76086471610333
-186.45152744096924
-185.99293070742021
-184.552990402361
-183.15852245598447
-182.54602162990014
-182.35720600752202
-183.09157871686406
-184.533644759439
-185.7589749029287
-184.41799141448163
-183.43847626843538
-183.40785444197454
-182.69340285854526
-182.0226278398306
-182.5381747160189
-183.43568463549272
-183.00005048167665
-182.24356676700882
-181.95391929432324
-181.95438257056202
-182.27370246922567
-181.2902129686562
-179.35188822979907
-178.84814233392197
-178.821918749822
-177.19760613757492
-175.82488756501868
-174.25409605848833
-176.95026371274736
-176.61325719099935
-176.0220845526848
-174.62349912142633
-174.47024195930553
-173.59777593778807
-173.60652724223146
-172.92923056435046
-174.04300416317852
-173.71772859254267
-171.79436629542928
-173.84583579376505
-174.14894550979844
-174.57035165351303
-176.3578748417882
-176.31519263401458
-176.61737160273077
-176.16113594280682
-174.7479689697211
-173.32168339917243
-171.40126476051333
-170.41065162274143
-169.9241817629559
-172.69819216154053
-172.99205184330611
-170.8771386356168
-170.63126063061893
-172.13628003609992
-169.92751704596643
-168.88594894691846
-169.5084634844083
-167.8865019901785
-167.99650218325561
-167.03603099530702
-166.6447059461967
-166.7198887872857
-164.4149638726576
-164.51635151148474
-164.59093960962443
-163.8950809339073
-164.6820075137249
-165.3688913922193
-165.32437254066932
-168.35085828887884
-167.6736935532461
-166.3954885263351
-166.3378941560251
-165.29247809970053
-165.6017246477039
-165.94810680571666
-165.50569130630566
-165.04539755143549
-167.09560372022742
-166.81706277101205
-167.6555719974028
-169.16767824695617
-169.14622843809966
-167.78931497995248
-168.55668171870573
-171.18308086248987
-170.27897933565148
-169.401026924479
-169.81996125051083
-170.61846330542406
-170.5800259398855
-170.96560856367182
-171.57796082128903
-172.1224318128053
-172.23040664629684
-172.60809118002305
-170.73824157829347
-171.0371146188716
-170.43853381081496
-172.3428525394361
-172.78737007151463
-172.6606816069025
-172.98787550142566
-173.5799124808108
-172.1316021317706
-169.96957029500888
-166.9856667547578
-168.3335851983883
-167.26679998595657
-167.86533912757045
-169.89931084468427
-170.3421707449193
-171.8024204117972
-171.57034862373348
-171.429669134515
-171.6850772499246
-171.6549576930466
-173.8009806833403
-174.1046654877366
-173.64687100432621
-172.72986180466697
-173.1497559212059
-172.0725029790491
-172.57987957638855
-173.89601249278738
-175.9665789401807
-173.82272786060108
-173.55122488969278
-174.42099605860264
-175.59590987696254
-175.43146171448495
-174.79793888511412
-175.31489664998142
-177.16616269887174
-175.80349277622736
-176.01388581773233
-174.5350032853572
-171.57371456782766
-171.22309307976454
-170.6606328918402
-170.69574552622097
-170.14420253830815
-170.67862999294826
-171.30574218085272
-170.66636685531506
-170.94975922759065
-172.81471065590483
-176.2096614643037
-178.08370964260683
-176.52984963513086
-176.23505043181657
-175.69434990171678
-174.89804454244907
-172.3508186893454
-172.20743452314483
-171.58707346787818
-172.44926365193976
-172.20800441300813
-173.3364221136262
-173.67871498752018
-173.1680218392354
-172.65330837607934
-172.68536297654006
-171.33440942787348
-170.16506487782317
-170.85993418992655
-171.7569737254049
-171.09213168357527
-170.51877596192594
-166.29572450705697
-166.95928625734564
-167.35585400487093
-169.10377959947363
-168.43880576859482
-168.38733939943253
-167.69790328008796
-167.99572953520328
-167.5663409548568
-166.45235273557734
-166.0651682659028
-165.25856850472886
-166.5451125984268
-165.03553409772255
-167.2201572374258
-167.86516217788912
-164.38534393485457
-165.10730710565042
-165.18670584293844
-166.94872703451904
-167.78383223207
-167.71503666490244
-166.38278236895715
-165.12617987028426
-165.27292793883885
-164.8381579908447
-163.22863147495718
-163.74599165659924
-163.4210814123777
-163.7184614290615
-163.21901412609924
-163.1602959657951
-162.8457825994107
-162.67162841309536
-164.30439998563398
-163.96979865729332
-163.47714526657185
-164.38229860535182
-163.280398719687
-163.94798893735447
-161.9633574546986
-161.52040256227139
-160.74771255617196
-159.76505780495506
-160.91652226047646
-161.70714739639038
-161.51347952096748
-162.10953879798572
-160.1235012431855
-160.2008591226068
-161.21902376110702
-162.19900651666495
-161.97019854386141
-163.56188151994368
-164.49961029803382
-163.04071171919432
-161.37068751862148
-161.84107559818742
-161.98548028140877
-161.09995188598515
-161.90243279057765
-161.053197960208
-162.39845405402917
-162.77415782918393
-161.12962350948234
-160.4013259115602
-162.30861796923907
-164.5108974288201
-165.2754349533722
-164.9497906764813
-165.22087988110925
-161.5148617161702
-162.34513669866567
-161.8257561668718
-160.82507299775727
-160.6419168626866
-160.11564093585622
-157.96956359402077
-155.18633930507124
-153.54204400656013
-154.27901155605804
-154.04875494807303
-153.96889368240699
-153.7319589930893
-155.90406655713159
-157.19715542040956
-158.37561585129077
-156.96084743286713
-158.9544211765298
-157.62971837793202
-158.5230762115688
-158.75042994844046
-160.96572807431127
-160.83369827644646
-161.50147439262187
-162.00716685501015
-162.28622076147343
-160.13605630605042
-160.9619750080611
-160.95714108573466
-161.38522734125254
-161.29653846028717
-163.2289290403694
-161.63386381162687
-161.2175590336036
-160.80253682280807
-160.75850278579034
-159.99480462837764
-160.06120621552256
-159.47143252651964
-160.01534210014742
-157.53621342810746
-154.95447832309392
-155.75874585412512
-153.948340676336
-152.37541668100798
-153.6539511793728
-153.01869402191932
-151.73202139969936
-148.77144289406866
-145.8367092287513
-145.4146147385294
-147.64863493761408
-148.16910431830436
-147.9058868904082
-147.63374130612422
-146.54690939884654
-147.96707536572535
-149.53787148215352
-148.79046490825175
-146.14585493374054
-145.5897366047188
-146.1352152597267
-148.9509687650303
-146.96388194981031
-148.55911667579306
-148.68849579517908
-147.9635220674084
-147.5062966138314
-148.84964909327064
-151.98520258661262
-151.26281420521838
-154.1069925298546
-155.14120591985323
-153.5233604739493
-153.55678047427102
-153.37688182977968
-153.35628541859907
-152.63347994442833
-152.69151199404155
-154.3432456760582
-154.16219423206297
-153.76686706607865
-152.76734953975287
-151.28243101904084
-150.90492513968186
-150.2153835995826
-149.06881634633598
-149.35619963075646
-151.18671501679302
-148.7807455549857
-149.7114219774676
-148.45015595686112
-146.94992070709225
-146.40453820733674
-145.44773954080475
-143.5702750046057
-141.25524408662278
-140.1504353240802
-140.06767493410507
-137.7636508589933
-137.82333321668605
-137.08841589844667
-137.79178631797848
-139.699214080791
-139.66587203114506
-141.34382524894264
-141.5399237623151
-141.74687745837957
-140.56088245613327
-139.40062936036477
-139.65572141992882
-139.5902877132733
-138.42705822737028
-134.934492610506
-133.59415598435663
-133.16988686157248
-133.37149869219274
-131.02733016149364
-130.0537925764652
-127.61097788962438
-127.38340588215713
-125.41278090891083
-125.51064660001417
-127.26268050479725
-127.5011907650571
-126.86763158208687
-126.90938612394571
-125.31290775723463
-126.77938614368895
-128.11434350807258
-127.91316228095738
-125.34291407795358
-124.60741274060425
-124.97833715777942
-126.35519191505253
-127.1940438804866
-128.07725544036168
-129.38030317143836
-128.75245227240228
-128.29533409371976
-127.63901598715093
-127.46273889277263
-126.6786753685753
-125.66992988537173
-126.38579699639112
-127.95871871005502
-128.1918578837969
-127.78063458895024
-129.06254819720738
-129.90745548330253
-129.90372215604168
-129.9817713823799
-131.17719443553747
-130.97167532226294
-130.99852920261515
-130.99498297216147
-130.64431441384883
-129.6714442600755
-129.04118861411888
-129.78829285079303
-129.4592623215374
-130.80911958515142
-127.94514588850205
-125.93338494395525
-126.38361653405424
-127.7264764343709
-129.14664897574906
-128.53668859551732
-126.33988951454607
-123.9433057958277
-122.81875118838076
-120.50260577406988
-117.17216318105393
-119.39273581673712
-120.76970051889383
-120.41209181958693
-121.04750359568918
-122.65149449948773
-121.70022123282128
-117.54937082857258
-117.4672892730089
-117.72544273625718
-117.28231376279027
-121.3920778594632
-122.18407861832549
-122.31435607277459
-121.37250472135865
-120.7479522027407
-118.43850029263207
-119.22879711434715
-119.7880050832525
-119.7222964438086
-121.10063887816241
-120.78522428331131
-121.88497128958308
-124.31498088029484
-125.03676856338518
-125.27518453358009
-125.06238925458655
-126.3440903135207
-127.45541167336458
-126.49495934956731
-124.95339979974143
-122.8233619315748
-122.54632800074818
-121.50067387598364
-119.80078780295709
-119.82198394360914
-119.37333813489829
-118.36823881401277
-118.38779348731465
-117.08934633773073
-117.52653417739425
-121.67915745559381
-121.56930957607686
-121.7216361374189
-120.74526873531055
-122.35625788786527
-124.29169366691764
-124.78994116952687
-126.1993455310593
-125.69161282061235
-125.67671080659139
-123.13050927202752
-124.15437650628257
-124.19539907112508
-126.06804707660667
-126.33393797250764
-126.42638676076216
-126.38112533276139
-126.15474662726406
-125.116413334531
-124.42227555662372
-125.56057519613776
-124.00862808893842
-124.72704804228772
-125.1090423251948
-123.61225225509921
-123.71955375957569
-124.65625368373887
-125.48769149195734
-127.67161916821024
-127.86940811574321
-129.29357574691375
-128.25311745199645
-126.79016403570598
-126.92752222298033
-126.23608381160813
-122.70392211979093
-122.90380703926641
-123.02880921552101
-119.55173554777151
-118.09435843714202
-118.16514114205258
-118.26774821970405
-119.19051233598334
-117.25721139870679
-116.16553354980658
-116.57502304522222
-116.57182802056599
-117.15433735083279
-114.83729442201678
-113.76918863895361
-114.74333408370201
-112.12198012328165
-112.58184562874989
-111.10490951161863
-112.04985425983712
-112.26172151831008
-111.69391253990821
-111.46990828424019
-110.97348929362393
-113.11414581779457
-111.42960142808788
-109.33580923090202
-111.72388125987801
-110.37734186730557
-108.37167062347876
-108.81441805954151
-109.16666621980104
-109.69066006690078
-109.9270977143846
-112.18546274434138
-109.53614171821056
-110.05295822922088
-109.9886465868593
-111.66104055536827
-110.95514563861526
-112.09696262098767
-113.20639029378184
-111.84027988980787
-111.76540198587413
-113.05123399319878
-113.59190953136807
-113.41751028251551
-108.89075351061936
-108.7922470532463
-110.05603549331973
-110.13518789003415
-110.08864721705343
-108.99032724046862
-110.38748066848206
-112.48296476690426
-113.29747661033163
-113.40620163754127
-111.83302385446437
-112.95746558829502
-112.03114309286273
-113.37830820354938
-112.5659575446959
-111.94990961582995
-112.89665369136925
-111.9101200737877
-108.71157837371571
-109.2297863489963
-109.27712733481407
-109.85928437727839
-108.5294457813541
-108.11765313551653
-108.89172577833169
-108.62361446436417
-108.30407071031532
-106.25436532441299
-106.7657950712728
-105.08454879253296
-107.00428845861202
-103.59901528300423
-102.74503002910578
-102.51106665798278
-103.21795821955969
-104.28213246549188
-104.53129236335822
-106.56507572510465
-105.48270687936689
-105.30908198421561
-104.06489059064414
-103.24605013864837
-102.7786750081921
-101.78299527098856
-101.44754864390671
-99.8194399585105
-97.15727030114002
-96.7716419851083
-96.71605310846302
-97.00407808138573
-95.33986904033247
-95.52791089053252
-97.12114683535621
-100.01385622201965
-99.0510004407113
-97.37657169417876
-99.11503643772048
-98.72372197878187
-98.3318014872079
-99.58603595842236
-97.7377694971401
-95.95877976635387
-97.36564873626664
-96.63296143186595
-96.63082339544282
-95.99010056141503
-96.25062146680338
-96.56408524871759
-97.89141175173927
-97.30849133893683
-95.40329391309453
-95.39365655505655
-94.78009102816686
-95.47565208044995
-95.12699931108762
-94.63025974805852
-96.23627125583496
-93.98176542538026
-93.17171173814317
-93.04260309876094
-90.58510786075662
-88.53903920932505
-88.6900776641926
-87.02440104462838
-88.4643993774813
-87.70930031251547
-88.84907780955731
-86.92522734169671
-87.71593036645288
-86.11788897771325
-82.83180943799381
-81.5057482946766
-82.67035226122148
-81.49452658041272
-82.55490283277634
-83.60745441999684
-83.83351175145565
-81.19418246369992
-80.82012602058168
-80.86727526067646
-82.03019857659075
-82.0206978307472
-80.06555389875844
-80.55421423435416
-81.56090812828954
-83.40110823446838
-81.86467646627113
-79.09148479006407
-80.08193391652502
-80.65044008210678
-81.80385262376375
-84.39032727359898
-84.96405435589254
-82.4539426773933
-84.00313221108502
-83.99551527509506
-84.87873866665
-86.05511997631635
-86.08411820648999
-85.18933874646204
-84.730551157348
-86.36392323918004
-86.52613874377083
-85.07913363564865
-86.78861225844283
-85.05784137750983
-84.97997937557648
-86.77597961283647
-85.70149185492693
-88.04938482045665
-86.24110765290061
-87.38162835088073
-88.39324486042752
-86.82832153584086
-85.25440256238167
-84.58471305574025
-85.75443768130359
-87.07584173273283
-88.56760150336672
-88.73206106959502
-90.44512817475741
-90.45457035482222
-91.01581235218262
-92.25835817165341
-92.55955138105564
-95.31922929747928
-97.73094568600091
-98.48047440418912
-98.02188922281056
-95.06632376555471
-96.71415536663655
-93.73457762665909
-93.62275131661576
-95.70928907105832
-98.32504543016479
-102.09830940290976
-103.964558085475
-104.21147252456608
-104.84216407544233
-102.7734463648743
-105.54295310703198
-108.00691570932585
-107.33616419831456
-109.7331953730117
-109.7105763060521
-109.57989919875064
-107.33969431623964
-108.16130199230558
-107.52226829897901
-108.69435810496952
-110.27877785574107
-110.31547659033964
-110.23867926414563
-109.1216140879393
-111.36055569762146
-113.7612293210824
-115.44625708602761
-117.81441233387011
-118.12839913050398
-117.56343515296669
-117.28954413516217
-116.19496542403141
-117.08530964124655
-118.3846395362724
-119.86555458685385
-120.1889060105096
-119.6825567398805
-121.028846023256
-118.9489914075438
-118.44709711292894
-121.25105859754551
-123.89234043047931
-123.60881060375071
-123.85873851361592
-121.88069387803124
-121.21338981113615
-120.82730374600557
-121.15925711470412
-121.61666432036476
-124.39020671688615
-124.40513452218083
-125.3533798574169
-126.49362943263992
-126.27090139981372
-124.9072904317965
-127.73006540897484
-129.03913850357537
-130.58804252631865
-128.10704939656623
-128.33199902528037
-128.68855517918843
-126.56467663559071
-126.48175186854796
-130.4358948494569
-127.79903691535748
-126.16530567383245
-125.54707518094914
-128.06367978641148
-129.27025531228398
-131.0325087268172
-131.08285689485072
-129.36322481067268
-128.82527397808246
-133.08849629822143
-131.56348789338637
-130.82891655183607
-131.04419396833453
-133.26954959192324
-135.84893190676098
-135.30018087492243
-137.49457139501857
-137.42187873499006
-137.97038232488595
-138.27689902684983
-137.8698449813028
-138.30284206032627
-135.5520124674389
-133.304977112991
-132.32476389671885
-131.91835952588178
-130.36858718708496
-130.62770154197543
-130.47062813648643
-130.8321822291696
-132.44775898264663
-132.5623156415626
-131.44209274119896
-134.4648909656704
-134.35175069308897
-135.87427497873423
-136.22577586181737
-138.46576121075108
-138.02073221988053
-135.56608534672748
-133.4613801936708
-131.9250931148535
-130.46698718452134
-132.67717276920587
-135.74563000975346
-136.41329563349544
-136.84808614955475
-136.691946680669
-133.62620563614394
-134.63709133707712
-135.01759959129464
-135.57379073162014
-135.75799190651355
-135.4228260687581
-135.159790151037
-135.31669897643968
-131.2248727191437
-130.8251228203091
-130.71102468840496
-131.30107961805084
-130.25466243320918
-129.7614744323009
-126.62727308359172
-126.00894840400215
-126.3139232728287
-124.37111112614303
-122.91736532091086
-123.73927412692305
